,0,1,2,3,AveDailyScore
0,0.0146,0.9418,0.0292,0.0144,98.95
1,0.015,0.9241,0.036,0.025,98.33
2,0.0232,0.0072,0.008,0.9616,58.59
3,0.0197,0.0392,0.0126,0.9285,64.3
4,0.0077,0.0071,0.0069,0.9783,58.39
5,0.962,0.0095,0.0123,0.0162,59.67
6,0.1616,0.0196,0.0111,0.8077,61.09
7,0.0218,0.9278,0.0258,0.0247,97.97
8,0.0216,0.9275,0.0341,0.0168,98.41
9,0.0921,0.0219,0.0128,0.8731,61.72
10,0.9492,0.016,0.0142,0.0206,61.01
11,0.2565,0.6347,0.0737,0.035,92.03
